0 2 00:31:06 771770 2 0 0 0.0
1 2 00:31:07 1771770 4 1000000 2 999999.988888889
2 2 00:31:08 2771770 6 1000000 2 1000000.0
3 2 00:31:09 3771770 8 1000000 2 1000000.0
4 2 00:31:10 4771770 10 1000000 2 1000000.0
5 2 00:31:11 5771770 12 1000000 2 1000000.0
6 2 00:31:12 6771770 14 1000000 2 1000000.0
7 2 00:31:13 7771770 16 1000000 2 1000000.0
8 2 00:31:14 8771770 18 1000000 2 1000000.0
9 2 00:31:15 9771770 20 1000000 2 1000000.0
10 2 00:31:16 10771770 22 1000000 2 1000000.0
11 2 00:31:17 11771770 24 1000000 2 1000000.0
