0 256 00:01:57 0 0
1 256 00:01:58 0 0
2 256 00:01:59 0 0
3 256 00:02:00 0 0
4 256 00:02:01 0 0
5 256 00:02:02 0 0
6 256 00:02:03 0 0
7 256 00:02:04 0 0
8 256 00:02:05 0 0
9 256 00:02:06 0 0
10 256 00:02:07 0 0
11 256 00:02:08 0 0
12 256 00:02:09 0 0
13 256 00:02:10 0 0
14 256 00:02:11 0 0
15 256 00:02:12 0 0
16 256 00:02:13 0 0
17 256 00:02:14 0 0
18 256 00:02:15 0 0
19 256 00:02:16 0 0
20 256 00:02:17 0 0
21 256 00:02:18 0 0
22 256 00:02:19 0 0
23 256 00:02:20 0 0
24 256 00:02:21 0 0
25 256 00:02:22 0 0
26 256 00:02:23 0 0
27 256 00:02:24 0 0
28 256 00:02:25 0 0
29 256 00:02:26 0 0
30 256 00:02:27 0 0
31 256 00:02:28 0 0
32 256 00:02:29 0 0
33 256 00:02:30 0 0
34 256 00:02:31 0 0
35 256 00:02:32 0 0
36 256 00:02:33 0 0
37 256 00:02:34 0 0
38 256 00:02:35 0 0
39 256 00:02:36 0 0
40 256 00:02:37 0 0
41 256 00:02:38 0 0
42 256 00:02:39 0 0
43 256 00:02:40 0 0
44 256 00:02:41 0 0
45 256 00:02:42 0 0
46 256 00:02:43 0 0
47 256 00:02:44 0 0
48 256 00:02:45 0 0
49 256 00:02:46 0 0
50 256 00:02:47 0 0
51 256 00:02:48 0 0
52 256 00:02:49 0 0
53 256 00:02:50 0 0
54 256 00:02:51 0 0
55 256 00:02:52 0 0
56 256 00:02:53 0 0
57 256 00:02:54 0 0
58 256 00:02:55 0 0
59 256 00:02:56 0 0
60 256 00:02:57 0 0
61 256 00:02:58 0 0
62 256 00:02:59 0 0
63 256 00:03:00 0 0
64 256 00:03:01 0 0
65 256 00:03:02 0 0
66 256 00:03:03 0 0
67 256 00:03:04 0 0
68 256 00:03:05 0 0
69 256 00:03:06 0 0
70 256 00:03:07 0 0
71 256 00:03:08 0 0
72 256 00:03:09 0 0
73 256 00:03:10 0 0
74 256 00:03:11 0 0
75 256 00:03:12 0 0
76 256 00:03:13 0 0
77 256 00:03:14 0 0
78 256 00:03:15 0 0
79 256 00:03:16 0 0
80 256 00:03:17 0 0
81 256 00:03:18 0 0
82 256 00:03:19 0 0
83 256 00:03:20 0 0
84 256 00:03:21 0 0
85 256 00:03:22 0 0
86 256 00:03:23 0 0
87 256 00:03:24 0 0
88 256 00:03:25 0 0
89 256 00:03:26 0 0
90 256 00:03:27 0 0
91 256 00:03:28 0 0
92 256 00:03:29 0 0
93 256 00:03:30 0 0
94 256 00:03:31 0 0
95 256 00:03:32 0 0
96 256 00:03:33 0 0
97 256 00:03:34 0 0
98 256 00:03:35 0 0
99 256 00:03:36 0 0
100 256 00:03:37 0 0
101 256 00:03:38 0 0
102 256 00:03:39 0 0
103 256 00:03:40 0 0
104 256 00:03:41 0 0
105 256 00:03:42 0 0
106 256 00:03:43 0 0
107 256 00:03:44 0 0
108 256 00:03:45 0 0
109 256 00:03:46 0 0
110 256 00:03:47 0 0
111 256 00:03:48 0 0
112 256 00:03:49 0 0
113 256 00:03:50 0 0
114 256 00:03:51 0 0
115 256 00:03:52 0 0
116 256 00:03:53 0 0
117 256 00:03:54 0 0
118 256 00:03:55 0 0
119 256 00:03:56 0 0
120 256 00:03:57 0 0
121 256 00:03:58 0 0
122 256 00:03:59 0 0
123 256 00:04:00 0 0
124 256 00:04:01 0 0
125 256 00:04:02 0 0
126 256 00:04:03 0 0
127 256 00:04:04 0 0
128 256 00:04:05 0 0
129 256 00:04:06 0 0
130 256 00:04:07 0 0
131 256 00:04:08 0 0
132 256 00:04:09 0 0
133 256 00:04:10 0 0
134 256 00:04:11 0 0
135 256 00:04:12 0 0
136 256 00:04:13 0 0
137 256 00:04:14 0 0
138 256 00:04:15 0 0
139 256 00:04:16 0 0
140 256 00:04:17 0 0
141 256 00:04:18 0 0
142 256 00:04:19 0 0
143 256 00:04:20 0 0
144 256 00:04:21 0 0
145 256 00:04:22 0 0
146 256 00:04:23 0 0
147 256 00:04:24 0 0
148 256 00:04:25 0 0
149 256 00:04:26 0 0
150 256 00:04:27 0 0
151 256 00:04:28 0 0
152 256 00:04:29 0 0
153 256 00:04:30 0 0
154 256 00:04:31 0 0
155 256 00:04:32 0 0
156 256 00:04:33 0 0
157 256 00:04:34 0 0
158 256 00:04:35 0 0
159 256 00:04:36 0 0
160 256 00:04:37 0 0
161 256 00:04:38 0 0
162 256 00:04:39 0 0
163 256 00:04:40 0 0
164 256 00:04:41 0 0
165 256 00:04:42 0 0
166 256 00:04:43 0 0
167 256 00:04:44 0 0
168 256 00:04:45 0 0
169 256 00:04:46 0 0
170 256 00:04:47 0 0
171 256 00:04:48 0 0
172 256 00:04:49 0 0
173 256 00:04:50 0 0
174 256 00:04:51 0 0
175 256 00:04:52 0 0
176 256 00:04:53 0 0
177 256 00:04:54 0 0
178 256 00:04:55 0 0
179 256 00:04:56 0 0
180 256 00:04:57 0 0
181 256 00:04:58 0 0
182 256 00:04:59 0 0
183 256 00:05:00 0 0
184 256 00:05:01 0 0
185 256 00:05:02 0 0
186 256 00:05:03 0 0
187 256 00:05:04 0 0
188 256 00:05:05 0 0
189 256 00:05:06 0 0
190 256 00:05:07 0 0
191 256 00:05:08 0 0
192 256 00:05:09 0 0
193 256 00:05:10 0 0
194 256 00:05:11 0 0
195 256 00:05:12 0 0
196 256 00:05:13 0 0
197 256 00:05:14 0 0
198 256 00:05:15 0 0
199 256 00:05:16 0 0
200 256 00:05:17 0 0
201 256 00:05:18 0 0
202 256 00:05:19 0 0
203 256 00:05:20 0 0
204 256 00:05:21 0 0
205 256 00:05:22 0 0
206 256 00:05:23 0 0
207 256 00:05:24 0 0
208 256 00:05:25 0 0
209 256 00:05:26 0 0
210 256 00:05:27 0 0
211 256 00:05:28 0 0
212 256 00:05:29 0 0
213 256 00:05:30 0 0
214 256 00:05:31 0 0
215 256 00:05:32 0 0
216 256 00:05:33 0 0
217 256 00:05:34 0 0
218 256 00:05:35 0 0
219 256 00:05:36 0 0
220 256 00:05:37 0 0
221 256 00:05:38 0 0
222 256 00:05:39 0 0
223 256 00:05:40 0 0
224 256 00:05:41 0 0
225 256 00:05:42 0 0
226 256 00:05:43 0 0
227 256 00:05:44 0 0
228 256 00:05:45 0 0
229 256 00:05:46 0 0
230 256 00:05:47 0 0
231 256 00:05:48 0 0
232 256 00:05:49 0 0
233 256 00:05:50 0 0
234 256 00:05:51 0 0
235 256 00:05:52 0 0
236 256 00:05:53 0 0
237 256 00:05:54 0 0
238 256 00:05:55 0 0
239 256 00:05:56 0 0
240 256 00:05:57 0 0
241 256 00:05:58 0 0
242 256 00:05:59 0 0
243 256 00:06:00 0 0
244 256 00:06:01 0 0
245 256 00:06:02 0 0
246 256 00:06:03 0 0
247 256 00:06:04 0 0
248 256 00:06:05 0 0
249 256 00:06:06 0 0
250 256 00:06:07 0 0
251 256 00:06:08 0 0
252 256 00:06:09 0 0
253 256 00:06:10 0 0
254 256 00:06:11 0 0
255 256 00:06:12 0 0
256 256 00:06:13 0 0
257 256 00:06:14 0 0
258 256 00:06:15 0 0
259 256 00:06:16 0 0
260 256 00:06:17 0 0
261 256 00:06:18 0 0
262 256 00:06:19 0 0
263 256 00:06:20 0 0
264 256 00:06:21 0 0
265 256 00:06:22 0 0
266 256 00:06:23 0 0
267 256 00:06:24 0 0
268 256 00:06:25 0 0
269 256 00:06:26 0 0
270 256 00:06:27 0 0
271 256 00:06:28 0 0
272 256 00:06:29 0 0
273 256 00:06:30 0 0
274 256 00:06:31 0 0
275 256 00:06:32 0 0
276 256 00:06:33 0 0
277 256 00:06:34 0 0
278 256 00:06:35 0 0
279 256 00:06:36 0 0
280 256 00:06:37 0 0
281 256 00:06:38 0 0
282 256 00:06:39 0 0
283 256 00:06:40 0 0
284 256 00:06:41 0 0
285 256 00:06:42 0 0
286 256 00:06:43 0 0
287 256 00:06:44 0 0
288 256 00:06:45 0 0
289 256 00:06:46 0 0
290 256 00:06:47 0 0
291 256 00:06:48 0 0
292 256 00:06:49 0 0
293 256 00:06:50 0 0
294 256 00:06:51 0 0
295 256 00:06:52 0 0
296 256 00:06:53 0 0
297 256 00:06:54 0 0
298 256 00:06:55 0 0
299 256 00:06:56 0 0
300 256 00:06:57 0 0
301 256 00:06:58 0 0
302 256 00:06:59 0 0
303 256 00:07:00 0 0
304 256 00:07:01 0 0
305 256 00:07:02 0 0
306 256 00:07:03 0 0
307 256 00:07:04 0 0
308 256 00:07:05 0 0
309 256 00:07:06 0 0
310 256 00:07:07 0 0
311 256 00:07:08 0 0
312 256 00:07:09 0 0
313 256 00:07:10 0 0
314 256 00:07:11 0 0
315 256 00:07:12 0 0
316 256 00:07:13 0 0
317 256 00:07:14 0 0
318 256 00:07:15 0 0
319 256 00:07:16 0 0
320 256 00:07:17 0 0
321 256 00:07:18 0 0
322 256 00:07:19 0 0
323 256 00:07:20 0 0
324 256 00:07:21 0 0
325 256 00:07:22 0 0
326 256 00:07:23 0 0
327 256 00:07:24 0 0
328 256 00:07:25 0 0
329 256 00:07:26 0 0
330 256 00:07:27 0 0
331 256 00:07:28 0 0
332 256 00:07:29 0 0
333 256 00:07:30 0 0
334 256 00:07:31 0 0
335 256 00:07:32 0 0
336 256 00:07:33 0 0
337 256 00:07:34 0 0
338 256 00:07:35 0 0
339 256 00:07:36 0 0
340 256 00:07:37 0 0
341 256 00:07:38 0 0
342 256 00:07:39 0 0
343 256 00:07:40 0 0
344 256 00:07:41 0 0
345 256 00:07:42 0 0
346 256 00:07:43 0 0
347 256 00:07:44 0 0
348 256 00:07:45 0 0
349 256 00:07:46 0 0
350 256 00:07:47 0 0
351 256 00:07:48 0 0
352 256 00:07:49 0 0
353 256 00:07:50 0 0
354 256 00:07:51 0 0
355 256 00:07:52 0 0
356 256 00:07:53 0 0
357 256 00:07:54 0 0
358 256 00:07:55 0 0
359 256 00:07:56 0 0
360 256 00:07:57 0 0
361 256 00:07:58 0 0
362 256 00:07:59 0 0
363 256 00:08:00 0 0
364 256 00:08:01 0 0
365 256 00:08:02 0 0
366 256 00:08:03 0 0
367 256 00:08:04 0 0
368 256 00:08:05 0 0
369 256 00:08:06 0 0
370 256 00:08:07 0 0
371 256 00:08:08 0 0
372 256 00:08:09 0 0
373 256 00:08:10 0 0
374 256 00:08:11 0 0
375 256 00:08:12 0 0
376 256 00:08:13 0 0
377 256 00:08:14 0 0
378 256 00:08:15 0 0
379 256 00:08:16 0 0
380 256 00:08:17 0 0
381 256 00:08:18 0 0
382 256 00:08:19 0 0
383 256 00:08:20 0 0
384 256 00:08:21 0 0
385 256 00:08:22 0 0
386 256 00:08:23 0 0
387 256 00:08:24 0 0
388 256 00:08:25 0 0
389 256 00:08:26 0 0
390 256 00:08:27 0 0
391 256 00:08:28 0 0
392 256 00:08:29 0 0
393 256 00:08:30 0 0
394 256 00:08:31 0 0
395 256 00:08:32 0 0
396 256 00:08:33 0 0
397 256 00:08:34 0 0
398 256 00:08:35 0 0
399 256 00:08:36 0 0
400 256 00:08:37 0 0
401 256 00:08:38 0 0
402 256 00:08:39 0 0
403 256 00:08:40 0 0
404 256 00:08:41 0 0
405 256 00:08:42 0 0
406 256 00:08:43 0 0
407 256 00:08:44 0 0
408 256 00:08:45 0 0
409 256 00:08:46 0 0
410 256 00:08:47 0 0
411 256 00:08:48 0 0
412 256 00:08:49 0 0
413 256 00:08:50 0 0
414 256 00:08:51 0 0
415 256 00:08:52 0 0
416 256 00:08:53 0 0
417 256 00:08:54 0 0
418 256 00:08:55 0 0
419 256 00:08:56 0 0
420 256 00:08:57 0 0
421 256 00:08:58 0 0
422 256 00:08:59 0 0
423 256 00:09:00 0 0
424 256 00:09:01 0 0
425 256 00:09:02 0 0
426 256 00:09:03 0 0
427 256 00:09:04 0 0
428 256 00:09:05 0 0
429 256 00:09:06 0 0
430 256 00:09:07 0 0
431 256 00:09:08 0 0
432 256 00:09:09 0 0
433 256 00:09:10 0 0
434 256 00:09:11 0 0
435 256 00:09:12 0 0
436 256 00:09:13 0 0
437 256 00:09:14 0 0
438 256 00:09:15 0 0
439 256 00:09:16 0 0
440 256 00:09:17 0 0
441 256 00:09:18 0 0
442 256 00:09:19 0 0
443 256 00:09:20 0 0
444 256 00:09:21 0 0
445 256 00:09:22 0 0
446 256 00:09:23 0 0
447 256 00:09:24 0 0
448 256 00:09:25 0 0
449 256 00:09:26 0 0
450 256 00:09:27 0 0
451 256 00:09:28 0 0
452 256 00:09:29 0 0
453 256 00:09:30 0 0
454 256 00:09:31 0 0
455 256 00:09:32 0 0
456 256 00:09:33 0 0
457 256 00:09:34 0 0
458 256 00:09:35 0 0
459 256 00:09:36 0 0
460 256 00:09:37 0 0
461 256 00:09:38 0 0
462 256 00:09:39 0 0
463 256 00:09:40 0 0
464 256 00:09:41 0 0
465 256 00:09:42 0 0
466 256 00:09:43 0 0
467 256 00:09:44 0 0
468 256 00:09:45 0 0
469 256 00:09:46 0 0
470 256 00:09:47 0 0
471 256 00:09:48 0 0
472 256 00:09:49 0 0
473 256 00:09:50 0 0
474 256 00:09:51 0 0
475 256 00:09:52 0 0
476 256 00:09:53 0 0
477 256 00:09:54 0 0
478 256 00:09:55 0 0
479 256 00:09:56 0 0
480 256 00:09:57 0 0
481 256 00:09:58 0 0
482 256 00:09:59 0 0
483 256 00:10:00 0 0
484 256 00:10:01 0 0
485 256 00:10:02 0 0
486 256 00:10:03 0 0
487 256 00:10:04 0 0
488 256 00:10:05 0 0
489 256 00:10:06 0 0
490 256 00:10:07 0 0
491 256 00:10:08 0 0
492 256 00:10:09 0 0
493 256 00:10:10 0 0
494 256 00:10:11 0 0
495 256 00:10:12 0 0
496 256 00:10:13 0 0
497 256 00:10:14 0 0
498 256 00:10:15 0 0
499 256 00:10:16 0 0
500 256 00:10:17 0 0
501 256 00:10:18 0 0
502 256 00:10:19 0 0
503 256 00:10:20 0 0
504 256 00:10:21 0 0
505 256 00:10:22 0 0
506 256 00:10:23 0 0
507 256 00:10:24 0 0
508 256 00:10:25 0 0
509 256 00:10:26 0 0
510 256 00:10:27 0 0
511 256 00:10:28 0 0
512 256 00:10:29 0 0
513 256 00:10:30 0 0
514 256 00:10:31 0 0
515 256 00:10:32 0 0
516 256 00:10:33 0 0
517 256 00:10:34 0 0
518 256 00:10:35 0 0
519 256 00:10:36 0 0
520 256 00:10:37 0 0
521 256 00:10:38 0 0
522 256 00:10:39 0 0
523 256 00:10:40 0 0
524 256 00:10:41 0 0
525 256 00:10:42 0 0
526 256 00:10:43 0 0
527 256 00:10:44 0 0
528 256 00:10:45 0 0
529 256 00:10:46 0 0
530 256 00:10:47 0 0
531 256 00:10:48 0 0
532 256 00:10:49 0 0
533 256 00:10:50 0 0
534 256 00:10:51 0 0
535 256 00:10:52 0 0
536 256 00:10:53 0 0
537 256 00:10:54 0 0
538 256 00:10:55 0 0
539 256 00:10:56 0 0
540 256 00:10:57 0 0
541 256 00:10:58 0 0
542 256 00:10:59 0 0
543 256 00:11:00 0 0
544 256 00:11:01 0 0
545 256 00:11:02 0 0
546 256 00:11:03 0 0
547 256 00:11:04 0 0
548 256 00:11:05 0 0
549 256 00:11:06 0 0
550 256 00:11:07 0 0
551 256 00:11:08 0 0
552 256 00:11:09 0 0
553 256 00:11:10 0 0
554 256 00:11:11 0 0
555 256 00:11:12 0 0
556 256 00:11:13 0 0
557 256 00:11:14 0 0
558 256 00:11:15 0 0
559 256 00:11:16 0 0
560 256 00:11:17 0 0
561 256 00:11:18 0 0
562 256 00:11:19 0 0
563 256 00:11:20 0 0
564 256 00:11:21 0 0
565 256 00:11:22 0 0
566 256 00:11:23 0 0
567 256 00:11:24 0 0
568 256 00:11:25 0 0
569 256 00:11:26 0 0
570 256 00:11:27 0 0
571 256 00:11:28 0 0
572 256 00:11:29 0 0
573 256 00:11:30 0 0
574 256 00:11:31 0 0
575 256 00:11:32 0 0
576 256 00:11:33 0 0
577 256 00:11:34 0 0
578 256 00:11:35 0 0
579 256 00:11:36 0 0
580 256 00:11:37 0 0
581 256 00:11:38 0 0
582 256 00:11:39 0 0
583 256 00:11:40 0 0
584 256 00:11:41 0 0
585 256 00:11:42 0 0
586 256 00:11:43 0 0
587 256 00:11:44 0 0
588 256 00:11:45 0 0
589 256 00:11:46 0 0
590 256 00:11:47 0 0
591 256 00:11:48 0 0
592 256 00:11:49 0 0
593 256 00:11:50 0 0
594 256 00:11:51 0 0
595 256 00:11:52 0 0
596 256 00:11:53 0 0
597 256 00:11:54 0 0
598 256 00:11:55 0 0
599 256 00:11:56 0 0
600 256 00:11:57 0 0
601 256 00:11:58 0 0
602 256 00:11:59 0 0
603 256 00:12:00 0 0
604 256 00:12:01 0 0
605 256 00:12:02 0 0
606 256 00:12:03 0 0
607 256 00:12:04 0 0
608 256 00:12:05 0 0
609 256 00:12:06 0 0
610 256 00:12:07 0 0
611 256 00:12:08 0 0
612 256 00:12:09 0 0
613 256 00:12:10 0 0
614 256 00:12:11 0 0
615 256 00:12:12 0 0
616 256 00:12:13 0 0
617 256 00:12:14 0 0
618 256 00:12:15 0 0
619 256 00:12:16 0 0
620 256 00:12:17 0 0
621 256 00:12:18 0 0
622 256 00:12:19 0 0
623 256 00:12:20 0 0
624 256 00:12:21 0 0
625 256 00:12:22 0 0
626 256 00:12:23 0 0
627 256 00:12:24 0 0
628 256 00:12:25 0 0
629 256 00:12:26 0 0
630 256 00:12:27 0 0
631 256 00:12:28 0 0
632 256 00:12:29 0 0
633 256 00:12:30 0 0
634 256 00:12:31 0 0
635 256 00:12:32 0 0
636 256 00:12:33 0 0
637 256 00:12:34 0 0
638 256 00:12:35 0 0
639 256 00:12:36 0 0
640 256 00:12:37 0 0
641 256 00:12:38 0 0
642 256 00:12:39 0 0
643 256 00:12:40 0 0
644 256 00:12:41 0 0
645 256 00:12:42 0 0
646 256 00:12:43 0 0
647 256 00:12:44 0 0
648 256 00:12:45 0 0
649 256 00:12:46 0 0
650 256 00:12:47 0 0
651 256 00:12:48 0 0
652 256 00:12:49 0 0
653 256 00:12:50 0 0
654 256 00:12:51 0 0
655 256 00:12:52 0 0
656 256 00:12:53 0 0
657 256 00:12:54 0 0
658 256 00:12:55 0 0
659 256 00:12:56 0 0
660 256 00:12:57 0 0
661 256 00:12:58 0 0
662 256 00:12:59 0 0
663 256 00:13:00 0 0
664 256 00:13:01 0 0
665 256 00:13:02 0 0
666 256 00:13:03 0 0
667 256 00:13:04 0 0
668 256 00:13:05 0 0
669 256 00:13:06 0 0
670 256 00:13:07 0 0
671 256 00:13:08 0 0
672 256 00:13:09 0 0
673 256 00:13:10 0 0
674 256 00:13:11 0 0
675 256 00:13:12 0 0
676 256 00:13:13 0 0
677 256 00:13:14 0 0
678 256 00:13:15 0 0
679 256 00:13:16 0 0
680 256 00:13:17 0 0
681 256 00:13:18 0 0
682 256 00:13:19 0 0
683 256 00:13:20 0 0
684 256 00:13:21 0 0
685 256 00:13:22 0 0
686 256 00:13:23 0 0
687 256 00:13:24 0 0
688 256 00:13:25 0 0
689 256 00:13:26 0 0
690 256 00:13:27 0 0
691 256 00:13:28 0 0
692 256 00:13:29 0 0
693 256 00:13:30 0 0
694 256 00:13:31 0 0
695 256 00:13:32 0 0
696 256 00:13:33 0 0
697 256 00:13:34 0 0
698 256 00:13:35 0 0
699 256 00:13:36 0 0
700 256 00:13:37 0 0
701 256 00:13:38 0 0
702 256 00:13:39 0 0
703 256 00:13:40 0 0
704 256 00:13:41 0 0
705 256 00:13:42 0 0
706 256 00:13:43 0 0
707 256 00:13:44 0 0
708 256 00:13:45 0 0
709 256 00:13:46 0 0
710 256 00:13:47 0 0
711 256 00:13:48 0 0
712 256 00:13:49 0 0
713 256 00:13:50 0 0
714 256 00:13:51 0 0
715 256 00:13:52 0 0
716 256 00:13:53 0 0
717 256 00:13:54 0 0
718 256 00:13:55 0 0
719 256 00:13:56 0 0
720 256 00:13:57 0 0
721 256 00:13:58 0 0
722 256 00:13:59 0 0
723 256 00:14:00 0 0
724 256 00:14:01 0 0
725 256 00:14:02 0 0
726 256 00:14:03 0 0
727 256 00:14:04 0 0
728 256 00:14:05 0 0
729 256 00:14:06 0 0
730 256 00:14:07 0 0
731 256 00:14:08 0 0
732 256 00:14:09 0 0
733 256 00:14:10 0 0
734 256 00:14:11 0 0
735 256 00:14:12 0 0
736 256 00:14:13 0 0
737 256 00:14:14 0 0
738 256 00:14:15 0 0
739 256 00:14:16 0 0
740 256 00:14:17 0 0
741 256 00:14:18 0 0
742 256 00:14:19 0 0
743 256 00:14:20 0 0
744 256 00:14:21 0 0
745 256 00:14:22 0 0
746 256 00:14:23 0 0
747 256 00:14:24 0 0
748 256 00:14:25 0 0
749 256 00:14:26 0 0
750 256 00:14:27 0 0
751 256 00:14:28 0 0
752 256 00:14:29 0 0
753 256 00:14:30 0 0
754 256 00:14:31 0 0
755 256 00:14:32 0 0
756 256 00:14:33 0 0
757 256 00:14:34 0 0
758 256 00:14:35 0 0
759 256 00:14:36 0 0
760 256 00:14:37 0 0
761 256 00:14:38 0 0
762 256 00:14:39 0 0
763 256 00:14:40 0 0
764 256 00:14:41 0 0
765 256 00:14:42 0 0
766 256 00:14:43 0 0
767 256 00:14:44 0 0
768 256 00:14:45 0 0
769 256 00:14:46 0 0
770 256 00:14:47 0 0
771 256 00:14:48 0 0
772 256 00:14:49 0 0
773 256 00:14:50 0 0
774 256 00:14:51 0 0
775 256 00:14:52 0 0
776 256 00:14:53 0 0
777 256 00:14:54 0 0
778 256 00:14:55 0 0
779 256 00:14:56 0 0
780 256 00:14:57 0 0
781 256 00:14:58 0 0
782 256 00:14:59 0 0
783 256 00:15:00 0 0
784 256 00:15:01 0 0
785 256 00:15:02 0 0
786 256 00:15:03 0 0
787 256 00:15:04 0 0
788 256 00:15:05 0 0
789 256 00:15:06 0 0
790 256 00:15:07 0 0
791 256 00:15:08 0 0
792 256 00:15:09 0 0
793 256 00:15:10 0 0
794 256 00:15:11 0 0
795 256 00:15:12 0 0
796 256 00:15:13 0 0
797 256 00:15:14 0 0
798 256 00:15:15 0 0
799 256 00:15:16 0 0
800 256 00:15:17 0 0
801 256 00:15:18 0 0
802 256 00:15:19 0 0
803 256 00:15:20 0 0
804 256 00:15:21 0 0
805 256 00:15:22 0 0
806 256 00:15:23 0 0
807 256 00:15:24 0 0
808 256 00:15:25 0 0
809 256 00:15:26 0 0
810 256 00:15:27 0 0
811 256 00:15:28 0 0
812 256 00:15:29 0 0
813 256 00:15:30 0 0
814 256 00:15:31 0 0
815 256 00:15:32 0 0
816 256 00:15:33 0 0
817 256 00:15:34 0 0
818 256 00:15:35 0 0
819 256 00:15:36 0 0
820 256 00:15:37 0 0
821 256 00:15:38 0 0
822 256 00:15:39 0 0
823 256 00:15:40 0 0
824 256 00:15:41 0 0
825 256 00:15:42 0 0
826 256 00:15:43 0 0
827 256 00:15:44 0 0
828 256 00:15:45 0 0
829 256 00:15:46 0 0
830 256 00:15:47 0 0
831 256 00:15:48 0 0
832 256 00:15:49 0 0
833 256 00:15:50 0 0
834 256 00:15:51 0 0
835 256 00:15:52 0 0
836 256 00:15:53 0 0
837 256 00:15:54 0 0
838 256 00:15:55 0 0
839 256 00:15:56 0 0
840 256 00:15:57 0 0
841 256 00:15:58 0 0
842 256 00:15:59 0 0
843 256 00:16:00 0 0
844 256 00:16:01 0 0
845 256 00:16:02 0 0
846 256 00:16:03 0 0
847 256 00:16:04 0 0
848 256 00:16:05 0 0
849 256 00:16:06 0 0
850 256 00:16:07 0 0
851 256 00:16:08 0 0
852 256 00:16:09 0 0
853 256 00:16:10 0 0
854 256 00:16:11 0 0
855 256 00:16:12 0 0
856 256 00:16:13 0 0
857 256 00:16:14 0 0
858 256 00:16:15 0 0
859 256 00:16:16 0 0
860 256 00:16:17 0 0
861 256 00:16:18 0 0
862 256 00:16:19 0 0
863 256 00:16:20 0 0
864 256 00:16:21 0 0
865 256 00:16:22 0 0
866 256 00:16:23 0 0
867 256 00:16:24 0 0
868 256 00:16:25 0 0
869 256 00:16:26 0 0
870 256 00:16:27 0 0
871 256 00:16:28 0 0
872 256 00:16:29 0 0
873 256 00:16:30 0 0
874 256 00:16:31 0 0
875 256 00:16:32 0 0
876 256 00:16:33 0 0
877 256 00:16:34 0 0
878 256 00:16:35 0 0
879 256 00:16:36 0 0
880 256 00:16:37 0 0
881 256 00:16:38 0 0
882 256 00:16:39 0 0
883 256 00:16:40 0 0
884 256 00:16:41 0 0
885 256 00:16:42 0 0
886 256 00:16:43 0 0
887 256 00:16:44 0 0
888 256 00:16:45 0 0
889 256 00:16:46 0 0
890 256 00:16:47 0 0
891 256 00:16:48 0 0
892 256 00:16:49 0 0
893 256 00:16:50 0 0
894 256 00:16:51 0 0
895 256 00:16:52 0 0
896 256 00:16:53 0 0
897 256 00:16:54 0 0
898 256 00:16:55 0 0
899 256 00:16:56 0 0
900 256 00:16:57 0 0
901 256 00:16:58 0 0
902 256 00:16:59 0 0
903 256 00:17:00 0 0
904 256 00:17:01 0 0
905 256 00:17:02 0 0
906 256 00:17:03 0 0
907 256 00:17:04 0 0
908 256 00:17:05 0 0
909 256 00:17:06 0 0
910 256 00:17:07 0 0
911 256 00:17:08 0 0
912 256 00:17:09 0 0
913 256 00:17:10 0 0
914 256 00:17:11 0 0
915 256 00:17:12 0 0
916 256 00:17:13 0 0
917 256 00:17:14 0 0
918 256 00:17:15 0 0
919 256 00:17:16 0 0
920 256 00:17:17 0 0
921 256 00:17:18 0 0
922 256 00:17:19 0 0
923 256 00:17:20 0 0
924 256 00:17:21 0 0
925 256 00:17:22 0 0
926 256 00:17:23 0 0
927 256 00:17:24 0 0
928 256 00:17:25 0 0
929 256 00:17:26 0 0
930 256 00:17:27 0 0
931 256 00:17:28 0 0
932 256 00:17:29 0 0
933 256 00:17:30 0 0
934 256 00:17:31 0 0
935 256 00:17:32 0 0
936 256 00:17:33 0 0
937 256 00:17:34 0 0
938 256 00:17:35 0 0
939 256 00:17:36 0 0
940 256 00:17:37 0 0
941 256 00:17:38 0 0
942 256 00:17:39 0 0
943 256 00:17:40 0 0
944 256 00:17:41 0 0
945 256 00:17:42 0 0
946 256 00:17:43 0 0
947 256 00:17:44 0 0
948 256 00:17:45 0 0
949 256 00:17:46 0 0
950 256 00:17:47 0 0
951 256 00:17:48 0 0
952 256 00:17:49 0 0
953 256 00:17:50 0 0
954 256 00:17:51 0 0
955 256 00:17:52 0 0
956 256 00:17:53 0 0
957 256 00:17:54 0 0
958 256 00:17:55 0 0
959 256 00:17:56 0 0
960 256 00:17:57 0 0
961 256 00:17:58 0 0
962 256 00:17:59 0 0
963 256 00:18:00 0 0
964 256 00:18:01 0 0
965 256 00:18:02 0 0
966 256 00:18:03 0 0
967 256 00:18:04 0 0
968 256 00:18:05 0 0
969 256 00:18:06 0 0
970 256 00:18:07 0 0
971 256 00:18:08 0 0
972 256 00:18:09 0 0
973 256 00:18:10 0 0
974 256 00:18:11 0 0
975 256 00:18:12 0 0
976 256 00:18:13 0 0
977 256 00:18:14 0 0
978 256 00:18:15 0 0
979 256 00:18:16 0 0
980 256 00:18:17 0 0
981 256 00:18:18 0 0
982 256 00:18:19 0 0
983 256 00:18:20 0 0
984 256 00:18:21 0 0
985 256 00:18:22 0 0
986 256 00:18:23 0 0
987 256 00:18:24 0 0
988 256 00:18:25 0 0
989 256 00:18:26 0 0
990 256 00:18:27 0 0
991 256 00:18:28 0 0
992 256 00:18:29 0 0
993 256 00:18:30 0 0
994 256 00:18:31 0 0
995 256 00:18:32 0 0
996 256 00:18:33 0 0
997 256 00:18:34 0 0
998 256 00:18:35 0 0
999 256 00:18:36 0 0
1000 256 00:18:37 0 0
1001 256 00:18:38 0 0
1002 256 00:18:39 0 0
1003 256 00:18:40 0 0
1004 256 00:18:41 0 0
1005 256 00:18:42 0 0
1006 256 00:18:43 0 0
1007 256 00:18:44 0 0
1008 256 00:18:45 0 0
1009 256 00:18:46 0 0
1010 256 00:18:47 0 0
1011 256 00:18:48 0 0
1012 256 00:18:49 0 0
1013 256 00:18:50 0 0
1014 256 00:18:51 0 0
1015 256 00:18:52 0 0
1016 256 00:18:53 0 0
1017 256 00:18:54 0 0
1018 256 00:18:55 0 0
1019 256 00:18:56 0 0
1020 256 00:18:57 0 0
1021 256 00:18:58 0 0
1022 256 00:18:59 0 0
1023 256 00:19:00 0 0
1024 256 00:19:01 0 0
1025 256 00:19:02 0 0
1026 256 00:19:03 0 0
1027 256 00:19:04 0 0
1028 256 00:19:05 0 0
1029 256 00:19:06 0 0
1030 256 00:19:07 0 0
1031 256 00:19:08 0 0
1032 256 00:19:09 0 0
1033 256 00:19:10 0 0
1034 256 00:19:11 0 0
1035 256 00:19:12 0 0
1036 256 00:19:13 0 0
1037 256 00:19:14 0 0
1038 256 00:19:15 0 0
1039 256 00:19:16 0 0
1040 256 00:19:17 0 0
1041 256 00:19:18 0 0
1042 256 00:19:19 0 0
1043 256 00:19:20 0 0
1044 256 00:19:21 0 0
1045 256 00:19:22 0 0
1046 256 00:19:23 0 0
1047 256 00:19:24 0 0
1048 256 00:19:25 0 0
1049 256 00:19:26 0 0
1050 256 00:19:27 0 0
1051 256 00:19:28 0 0
1052 256 00:19:29 0 0
1053 256 00:19:30 0 0
1054 256 00:19:31 0 0
1055 256 00:19:32 0 0
1056 256 00:19:33 0 0
1057 256 00:19:34 0 0
1058 256 00:19:35 0 0
1059 256 00:19:36 0 0
1060 256 00:19:37 0 0
1061 256 00:19:38 0 0
1062 256 00:19:39 0 0
1063 256 00:19:40 0 0
1064 256 00:19:41 0 0
1065 256 00:19:42 0 0
1066 256 00:19:43 0 0
1067 256 00:19:44 0 0
1068 256 00:19:45 0 0
1069 256 00:19:46 0 0
1070 256 00:19:47 0 0
1071 256 00:19:48 0 0
1072 256 00:19:49 0 0
1073 256 00:19:50 0 0
1074 256 00:19:51 0 0
1075 256 00:19:52 0 0
1076 256 00:19:53 0 0
1077 256 00:19:54 0 0
1078 256 00:19:55 0 0
1079 256 00:19:56 0 0
1080 256 00:19:57 0 0
1081 256 00:19:58 0 0
1082 256 00:19:59 0 0
1083 256 00:20:00 0 0
1084 256 00:20:01 0 0
1085 256 00:20:02 0 0
1086 256 00:20:03 0 0
1087 256 00:20:04 0 0
1088 256 00:20:05 0 0
1089 256 00:20:06 0 0
1090 256 00:20:07 0 0
1091 256 00:20:08 0 0
1092 256 00:20:09 0 0
1093 256 00:20:10 0 0
1094 256 00:20:11 0 0
1095 256 00:20:12 0 0
1096 256 00:20:13 0 0
1097 256 00:20:14 0 0
1098 256 00:20:15 0 0
1099 256 00:20:16 0 0
1100 256 00:20:17 0 0
1101 256 00:20:18 0 0
1102 256 00:20:19 0 0
1103 256 00:20:20 0 0
1104 256 00:20:21 0 0
1105 256 00:20:22 0 0
1106 256 00:20:23 0 0
1107 256 00:20:24 0 0
1108 256 00:20:25 0 0
1109 256 00:20:26 0 0
1110 256 00:20:27 0 0
1111 256 00:20:28 0 0
1112 256 00:20:29 0 0
1113 256 00:20:30 0 0
1114 256 00:20:31 0 0
1115 256 00:20:32 0 0
1116 256 00:20:33 0 0
1117 256 00:20:34 0 0
1118 256 00:20:35 0 0
1119 256 00:20:36 0 0
1120 256 00:20:37 0 0
1121 256 00:20:38 0 0
1122 256 00:20:39 0 0
1123 256 00:20:40 0 0
1124 256 00:20:41 0 0
1125 256 00:20:42 0 0
1126 256 00:20:43 0 0
1127 256 00:20:44 0 0
1128 256 00:20:45 0 0
1129 256 00:20:46 0 0
1130 256 00:20:47 0 0
1131 256 00:20:48 0 0
1132 256 00:20:49 0 0
1133 256 00:20:50 0 0
1134 256 00:20:51 0 0
1135 256 00:20:52 0 0
1136 256 00:20:53 0 0
1137 256 00:20:54 0 0
1138 256 00:20:55 0 0
1139 256 00:20:56 0 0
1140 256 00:20:57 0 0
1141 256 00:20:58 0 0
1142 256 00:20:59 0 0
1143 256 00:21:00 0 0
1144 256 00:21:01 0 0
1145 256 00:21:02 0 0
1146 256 00:21:03 0 0
1147 256 00:21:04 0 0
1148 256 00:21:05 0 0
1149 256 00:21:06 0 0
1150 256 00:21:07 0 0
1151 256 00:21:08 0 0
1152 256 00:21:09 0 0
1153 256 00:21:10 0 0
1154 256 00:21:11 0 0
1155 256 00:21:12 0 0
1156 256 00:21:13 0 0
1157 256 00:21:14 0 0
1158 256 00:21:15 0 0
1159 256 00:21:16 0 0
1160 256 00:21:17 0 0
1161 256 00:21:18 0 0
1162 256 00:21:19 0 0
1163 256 00:21:20 0 0
1164 256 00:21:21 0 0
1165 256 00:21:22 0 0
1166 256 00:21:23 0 0
1167 256 00:21:24 0 0
1168 256 00:21:25 0 0
1169 256 00:21:26 0 0
1170 256 00:21:27 0 0
1171 256 00:21:28 0 0
1172 256 00:21:29 0 0
1173 256 00:21:30 0 0
1174 256 00:21:31 0 0
1175 256 00:21:32 0 0
1176 256 00:21:33 0 0
1177 256 00:21:34 0 0
1178 256 00:21:35 0 0
1179 256 00:21:36 0 0
1180 256 00:21:37 0 0
1181 256 00:21:38 0 0
1182 256 00:21:39 0 0
1183 256 00:21:40 0 0
1184 256 00:21:41 0 0
1185 256 00:21:42 0 0
1186 256 00:21:43 0 0
1187 256 00:21:44 0 0
1188 256 00:21:45 0 0
1189 256 00:21:46 0 0
1190 256 00:21:47 0 0
1191 256 00:21:48 0 0
1192 256 00:21:49 0 0
1193 256 00:21:50 0 0
1194 256 00:21:51 0 0
1195 256 00:21:52 0 0
1196 256 00:21:53 0 0
1197 256 00:21:54 0 0
1198 256 00:21:55 0 0
1199 256 00:21:56 0 0
1200 256 00:21:57 0 0
1201 256 00:21:58 0 0
1202 256 00:21:59 0 0
1203 256 00:22:00 0 0
1204 256 00:22:01 0 0
1205 256 00:22:02 0 0
1206 256 00:22:03 0 0
1207 256 00:22:04 0 0
1208 256 00:22:05 0 0
1209 256 00:22:06 0 0
1210 256 00:22:07 0 0
1211 256 00:22:08 0 0
1212 256 00:22:09 0 0
1213 256 00:22:10 0 0
1214 256 00:22:11 0 0
1215 256 00:22:12 0 0
1216 256 00:22:13 0 0
1217 256 00:22:14 0 0
1218 256 00:22:15 0 0
1219 256 00:22:16 0 0
1220 256 00:22:17 0 0
1221 256 00:22:18 0 0
1222 256 00:22:19 0 0
1223 256 00:22:20 0 0
1224 256 00:22:21 0 0
1225 256 00:22:22 0 0
1226 256 00:22:23 0 0
1227 256 00:22:24 0 0
1228 256 00:22:25 0 0
1229 256 00:22:26 0 0
1230 256 00:22:27 0 0
1231 256 00:22:28 0 0
1232 256 00:22:29 0 0
1233 256 00:22:30 0 0
1234 256 00:22:31 0 0
1235 256 00:22:32 0 0
1236 256 00:22:33 0 0
1237 256 00:22:34 0 0
1238 256 00:22:35 0 0
1239 256 00:22:36 0 0
1240 256 00:22:37 0 0
1241 256 00:22:38 0 0
1242 256 00:22:39 0 0
1243 256 00:22:40 0 0
1244 256 00:22:41 0 0
1245 256 00:22:42 0 0
1246 256 00:22:43 0 0
1247 256 00:22:44 0 0
1248 256 00:22:45 0 0
1249 256 00:22:46 0 0
1250 256 00:22:47 0 0
1251 256 00:22:48 0 0
1252 256 00:22:49 0 0
1253 256 00:22:50 0 0
1254 256 00:22:51 0 0
1255 256 00:22:52 0 0
1256 256 00:22:53 0 0
1257 256 00:22:54 0 0
1258 256 00:22:55 0 0
1259 256 00:22:56 0 0
1260 256 00:22:57 0 0
1261 256 00:22:58 0 0
1262 256 00:22:59 0 0
1263 256 00:23:00 0 0
1264 256 00:23:01 0 0
1265 256 00:23:02 0 0
1266 256 00:23:03 0 0
1267 256 00:23:04 0 0
1268 256 00:23:05 0 0
1269 256 00:23:06 0 0
1270 256 00:23:07 0 0
1271 256 00:23:08 0 0
1272 256 00:23:09 0 0
1273 256 00:23:10 0 0
1274 256 00:23:11 0 0
1275 256 00:23:12 0 0
1276 256 00:23:13 0 0
1277 256 00:23:14 0 0
1278 256 00:23:15 0 0
1279 256 00:23:16 0 0
1280 256 00:23:17 0 0
1281 256 00:23:18 0 0
1282 256 00:23:19 0 0
1283 256 00:23:20 0 0
1284 256 00:23:21 0 0
1285 256 00:23:22 0 0
1286 256 00:23:23 0 0
1287 256 00:23:24 0 0
1288 256 00:23:25 0 0
1289 256 00:23:26 0 0
1290 256 00:23:27 0 0
1291 256 00:23:28 0 0
1292 256 00:23:29 0 0
1293 256 00:23:30 0 0
1294 256 00:23:31 0 0
1295 256 00:23:32 0 0
1296 256 00:23:33 0 0
1297 256 00:23:34 0 0
1298 256 00:23:35 0 0
1299 256 00:23:36 0 0
1300 256 00:23:37 0 0
1301 256 00:23:38 0 0
1302 256 00:23:39 0 0
1303 256 00:23:40 0 0
1304 256 00:23:41 0 0
1305 256 00:23:42 0 0
1306 256 00:23:43 0 0
1307 256 00:23:44 0 0
1308 256 00:23:45 0 0
1309 256 00:23:46 0 0
1310 256 00:23:47 0 0
1311 256 00:23:48 0 0
1312 256 00:23:49 0 0
1313 256 00:23:50 0 0
1314 256 00:23:51 0 0
1315 256 00:23:52 0 0
1316 256 00:23:53 0 0
1317 256 00:23:54 0 0
1318 256 00:23:55 0 0
1319 256 00:23:56 0 0
1320 256 00:23:57 0 0
1321 256 00:23:58 0 0
1322 256 00:23:59 0 0
1323 256 00:24:00 0 0
1324 256 00:24:01 0 0
1325 256 00:24:02 0 0
1326 256 00:24:03 0 0
1327 256 00:24:04 0 0
1328 256 00:24:05 0 0
1329 256 00:24:06 0 0
1330 256 00:24:07 0 0
1331 256 00:24:08 0 0
1332 256 00:24:09 0 0
1333 256 00:24:10 0 0
1334 256 00:24:11 0 0
1335 256 00:24:12 0 0
1336 256 00:24:13 0 0
1337 256 00:24:14 0 0
1338 256 00:24:15 0 0
1339 256 00:24:16 0 0
1340 256 00:24:17 0 0
1341 256 00:24:18 0 0
1342 256 00:24:19 0 0
1343 256 00:24:20 0 0
1344 256 00:24:21 0 0
1345 256 00:24:22 0 0
1346 256 00:24:23 0 0
1347 256 00:24:24 0 0
1348 256 00:24:25 0 0
1349 256 00:24:26 0 0
1350 256 00:24:27 0 0
1351 256 00:24:28 0 0
1352 256 00:24:29 0 0
1353 256 00:24:30 0 0
1354 256 00:24:31 0 0
1355 256 00:24:32 0 0
1356 256 00:24:33 0 0
1357 256 00:24:34 0 0
1358 256 00:24:35 0 0
1359 256 00:24:36 0 0
1360 256 00:24:37 0 0
1361 256 00:24:38 0 0
1362 256 00:24:39 0 0
1363 256 00:24:40 0 0
1364 256 00:24:41 0 0
1365 256 00:24:42 0 0
1366 256 00:24:43 0 0
1367 256 00:24:44 0 0
1368 256 00:24:45 0 0
1369 256 00:24:46 0 0
1370 256 00:24:47 0 0
1371 256 00:24:48 0 0
1372 256 00:24:49 0 0
1373 256 00:24:50 0 0
1374 256 00:24:51 0 0
1375 256 00:24:52 0 0
1376 256 00:24:53 0 0
1377 256 00:24:54 0 0
1378 256 00:24:55 0 0
1379 256 00:24:56 0 0
1380 256 00:24:57 0 0
1381 256 00:24:58 0 0
1382 256 00:24:59 0 0
1383 256 00:25:00 0 0
1384 256 00:25:01 0 0
1385 256 00:25:02 0 0
1386 256 00:25:03 0 0
1387 256 00:25:04 0 0
1388 256 00:25:05 0 0
1389 256 00:25:06 0 0
1390 256 00:25:07 0 0
1391 256 00:25:08 0 0
1392 256 00:25:09 0 0
1393 256 00:25:10 0 0
1394 256 00:25:11 0 0
1395 256 00:25:12 0 0
1396 256 00:25:13 0 0
1397 256 00:25:14 0 0
1398 256 00:25:15 0 0
1399 256 00:25:16 0 0
1400 256 00:25:17 0 0
1401 256 00:25:18 0 0
1402 256 00:25:19 0 0
1403 256 00:25:20 0 0
1404 256 00:25:21 0 0
1405 256 00:25:22 0 0
1406 256 00:25:23 0 0
1407 256 00:25:24 0 0
1408 256 00:25:25 0 0
1409 256 00:25:26 0 0
1410 256 00:25:27 0 0
1411 256 00:25:28 0 0
1412 256 00:25:29 0 0
1413 256 00:25:30 0 0
1414 256 00:25:31 0 0
1415 256 00:25:32 0 0
1416 256 00:25:33 0 0
1417 256 00:25:34 0 0
1418 256 00:25:35 0 0
1419 256 00:25:36 0 0
1420 256 00:25:37 0 0
1421 256 00:25:38 0 0
1422 256 00:25:39 0 0
1423 256 00:25:40 0 0
1424 256 00:25:41 0 0
1425 256 00:25:42 0 0
1426 256 00:25:43 0 0
1427 256 00:25:44 0 0
1428 256 00:25:45 0 0
1429 256 00:25:46 0 0
1430 256 00:25:47 0 0
1431 256 00:25:48 0 0
1432 256 00:25:49 0 0
1433 256 00:25:50 0 0
1434 256 00:25:51 0 0
1435 256 00:25:52 0 0
1436 256 00:25:53 0 0
1437 256 00:25:54 0 0
1438 256 00:25:55 0 0
1439 256 00:25:56 0 0
1440 256 00:25:57 0 0
1441 256 00:25:58 0 0
1442 256 00:25:59 0 0
1443 256 00:26:00 0 0
1444 256 00:26:01 0 0
1445 256 00:26:02 0 0
1446 256 00:26:03 0 0
1447 256 00:26:04 0 0
1448 256 00:26:05 0 0
1449 256 00:26:06 0 0
1450 256 00:26:07 0 0
1451 256 00:26:08 0 0
1452 256 00:26:09 0 0
1453 256 00:26:10 0 0
1454 256 00:26:11 0 0
1455 256 00:26:12 0 0
1456 256 00:26:13 0 0
1457 256 00:26:14 0 0
1458 256 00:26:15 0 0
1459 256 00:26:16 0 0
1460 256 00:26:17 0 0
1461 256 00:26:18 0 0
1462 256 00:26:19 0 0
1463 256 00:26:20 0 0
1464 256 00:26:21 0 0
1465 256 00:26:22 0 0
1466 256 00:26:23 0 0
1467 256 00:26:24 0 0
1468 256 00:26:25 0 0
1469 256 00:26:26 0 0
1470 256 00:26:27 0 0
1471 256 00:26:28 0 0
1472 256 00:26:29 0 0
1473 256 00:26:30 0 0
1474 256 00:26:31 0 0
1475 256 00:26:32 0 0
1476 256 00:26:33 0 0
1477 256 00:26:34 0 0
1478 256 00:26:35 0 0
1479 256 00:26:36 0 0
1480 256 00:26:37 0 0
1481 256 00:26:38 0 0
1482 256 00:26:39 0 0
1483 256 00:26:40 0 0
1484 256 00:26:41 0 0
1485 256 00:26:42 0 0
1486 256 00:26:43 0 0
1487 256 00:26:44 0 0
1488 256 00:26:45 0 0
1489 256 00:26:46 0 0
1490 256 00:26:47 0 0
1491 256 00:26:48 0 0
1492 256 00:26:49 0 0
1493 256 00:26:50 0 0
1494 256 00:26:51 0 0
1495 256 00:26:52 0 0
1496 256 00:26:53 0 0
1497 256 00:26:54 0 0
1498 256 00:26:55 0 0
1499 256 00:26:56 0 0
1500 256 00:26:57 0 0
1501 256 00:26:58 0 0
1502 256 00:26:59 0 0
1503 256 00:27:00 0 0
1504 256 00:27:01 0 0
1505 256 00:27:02 0 0
1506 256 00:27:03 0 0
1507 256 00:27:04 0 0
1508 256 00:27:05 0 0
1509 256 00:27:06 0 0
1510 256 00:27:07 0 0
1511 256 00:27:08 0 0
1512 256 00:27:09 0 0
1513 256 00:27:10 0 0
1514 256 00:27:11 0 0
1515 256 00:27:12 0 0
1516 256 00:27:13 0 0
1517 256 00:27:14 0 0
1518 256 00:27:15 0 0
1519 256 00:27:16 0 0
1520 256 00:27:17 0 0
1521 256 00:27:18 0 0
1522 256 00:27:19 0 0
1523 256 00:27:20 0 0
1524 256 00:27:21 0 0
1525 256 00:27:22 0 0
1526 256 00:27:23 0 0
1527 256 00:27:24 0 0
1528 256 00:27:25 0 0
1529 256 00:27:26 0 0
1530 256 00:27:27 0 0
1531 256 00:27:28 0 0
1532 256 00:27:29 0 0
1533 256 00:27:30 0 0
1534 256 00:27:31 0 0
1535 256 00:27:32 0 0
1536 256 00:27:33 0 0
1537 256 00:27:34 0 0
1538 256 00:27:35 0 0
1539 256 00:27:36 0 0
1540 256 00:27:37 0 0
1541 256 00:27:38 0 0
1542 256 00:27:39 0 0
1543 256 00:27:40 0 0
1544 256 00:27:41 0 0
1545 256 00:27:42 0 0
1546 256 00:27:43 0 0
1547 256 00:27:44 0 0
1548 256 00:27:45 0 0
1549 256 00:27:46 0 0
1550 256 00:27:47 0 0
1551 256 00:27:48 0 0
1552 256 00:27:49 0 0
1553 256 00:27:50 0 0
1554 256 00:27:51 0 0
1555 256 00:27:52 0 0
1556 256 00:27:53 0 0
1557 256 00:27:54 0 0
1558 256 00:27:55 0 0
1559 256 00:27:56 0 0
1560 256 00:27:57 0 0
1561 256 00:27:58 0 0
1562 256 00:27:59 0 0
1563 256 00:28:00 0 0
1564 256 00:28:01 0 0
1565 256 00:28:02 0 0
1566 256 00:28:03 0 0
1567 256 00:28:04 0 0
1568 256 00:28:05 0 0
1569 256 00:28:06 0 0
1570 256 00:28:07 0 0
1571 256 00:28:08 0 0
1572 256 00:28:09 0 0
1573 256 00:28:10 0 0
1574 256 00:28:11 0 0
1575 256 00:28:12 0 0
1576 256 00:28:13 0 0
1577 256 00:28:14 0 0
1578 256 00:28:15 0 0
1579 256 00:28:16 0 0
1580 256 00:28:17 0 0
1581 256 00:28:18 0 0
1582 256 00:28:19 0 0
1583 256 00:28:20 0 0
1584 256 00:28:21 0 0
1585 256 00:28:22 0 0
1586 256 00:28:23 0 0
1587 256 00:28:24 0 0
1588 256 00:28:25 0 0
1589 256 00:28:26 0 0
1590 256 00:28:27 0 0
1591 256 00:28:28 0 0
1592 256 00:28:29 0 0
1593 256 00:28:30 0 0
1594 256 00:28:31 0 0
1595 256 00:28:32 0 0
1596 256 00:28:33 0 0
1597 256 00:28:34 0 0
1598 256 00:28:35 0 0
1599 256 00:28:36 0 0
1600 256 00:28:37 0 0
1601 256 00:28:38 0 0
1602 256 00:28:39 0 0
1603 256 00:28:40 0 0
1604 256 00:28:41 0 0
1605 256 00:28:42 0 0
1606 256 00:28:43 0 0
1607 256 00:28:44 0 0
1608 256 00:28:45 0 0
1609 256 00:28:46 0 0
1610 256 00:28:47 0 0
1611 256 00:28:48 0 0
1612 256 00:28:49 0 0
1613 256 00:28:50 0 0
1614 256 00:28:51 0 0
1615 256 00:28:52 0 0
1616 256 00:28:53 0 0
1617 256 00:28:54 0 0
1618 256 00:28:55 0 0
1619 256 00:28:56 0 0
1620 256 00:28:57 0 0
1621 256 00:28:58 0 0
1622 256 00:28:59 0 0
1623 256 00:29:00 0 0
1624 256 00:29:01 0 0
1625 256 00:29:02 0 0
1626 256 00:29:03 0 0
1627 256 00:29:04 0 0
1628 256 00:29:05 0 0
1629 256 00:29:06 0 0
1630 256 00:29:07 0 0
1631 256 00:29:08 0 0
1632 256 00:29:09 0 0
1633 256 00:29:10 0 0
1634 256 00:29:11 0 0
1635 256 00:29:12 0 0
1636 256 00:29:13 0 0
1637 256 00:29:14 0 0
1638 256 00:29:15 0 0
1639 256 00:29:16 0 0
1640 256 00:29:17 0 0
1641 256 00:29:18 0 0
1642 256 00:29:19 0 0
1643 256 00:29:20 0 0
1644 256 00:29:21 0 0
1645 256 00:29:22 0 0
1646 256 00:29:23 0 0
1647 256 00:29:24 0 0
1648 256 00:29:25 0 0
1649 256 00:29:26 0 0
1650 256 00:29:27 0 0
1651 256 00:29:28 0 0
1652 256 00:29:29 0 0
1653 256 00:29:30 0 0
1654 256 00:29:31 0 0
1655 256 00:29:32 0 0
1656 256 00:29:33 0 0
1657 256 00:29:34 0 0
1658 256 00:29:35 0 0
1659 256 00:29:36 0 0
1660 256 00:29:37 0 0
1661 256 00:29:38 0 0
1662 256 00:29:39 0 0
1663 256 00:29:40 0 0
1664 256 00:29:41 0 0
1665 256 00:29:42 0 0
1666 256 00:29:43 0 0
1667 256 00:29:44 0 0
1668 256 00:29:45 0 0
1669 256 00:29:46 0 0
1670 256 00:29:47 0 0
1671 256 00:29:48 0 0
1672 256 00:29:49 0 0
1673 256 00:29:50 0 0
1674 256 00:29:51 0 0
1675 256 00:29:52 0 0
1676 256 00:29:53 0 0
1677 256 00:29:54 0 0
1678 256 00:29:55 0 0
1679 256 00:29:56 0 0
1680 256 00:29:57 0 0
1681 256 00:29:58 0 0
1682 256 00:29:59 0 0
1683 256 00:30:00 0 0
1684 256 00:30:01 0 0
1685 256 00:30:02 0 0
1686 256 00:30:03 0 0
1687 256 00:30:04 0 0
1688 256 00:30:05 0 0
1689 256 00:30:06 0 0
1690 256 00:30:07 0 0
1691 256 00:30:08 0 0
1692 256 00:30:09 0 0
1693 256 00:30:10 0 0
1694 256 00:30:11 0 0
1695 256 00:30:12 0 0
1696 256 00:30:13 0 0
1697 256 00:30:14 0 0
1698 256 00:30:15 0 0
1699 256 00:30:16 0 0
1700 256 00:30:17 0 0
1701 256 00:30:18 0 0
1702 256 00:30:19 0 0
1703 256 00:30:20 0 0
1704 256 00:30:21 0 0
1705 256 00:30:22 0 0
1706 256 00:30:23 0 0
1707 256 00:30:24 0 0
1708 256 00:30:25 0 0
1709 256 00:30:26 0 0
1710 256 00:30:27 0 0
1711 256 00:30:28 0 0
1712 256 00:30:29 0 0
1713 256 00:30:30 0 0
1714 256 00:30:31 0 0
1715 256 00:30:32 0 0
1716 256 00:30:33 0 0
1717 256 00:30:34 0 0
1718 256 00:30:35 0 0
1719 256 00:30:36 0 0
1720 256 00:30:37 0 0
1721 256 00:30:38 0 0
1722 256 00:30:39 0 0
1723 256 00:30:40 0 0
1724 256 00:30:41 0 0
1725 256 00:30:42 0 0
1726 256 00:30:43 0 0
1727 256 00:30:44 0 0
1728 256 00:30:45 0 0
1729 256 00:30:46 0 0
1730 256 00:30:47 0 0
1731 256 00:30:48 0 0
1732 256 00:30:49 0 0
1733 256 00:30:50 0 0
1734 256 00:30:51 0 0
1735 256 00:30:52 0 0
1736 256 00:30:53 0 0
1737 256 00:30:54 0 0
1738 256 00:30:55 0 0
1739 256 00:30:56 0 0
1740 256 00:30:57 0 0
1741 256 00:30:58 0 0
1742 256 00:30:59 0 0
1743 256 00:31:00 0 0
1744 256 00:31:01 0 0
1745 256 00:31:02 0 0
1746 256 00:31:03 0 0
1747 256 00:31:04 0 0
1748 256 00:31:05 0 0
1749 256 00:31:06 0 0
1750 256 00:31:07 0 0
1751 256 00:31:08 0 0
1752 256 00:31:09 0 0
1753 256 00:31:10 0 0
1754 256 00:31:11 0 0
1755 256 00:31:12 0 0
1756 256 00:31:13 0 0
1757 256 00:31:14 0 0
1758 256 00:31:15 0 0
1759 256 00:31:16 0 0
1760 256 00:31:17 0 0
1761 256 00:31:18 0 0
1762 256 00:31:19 0 0
1763 256 00:31:20 0 0
1764 256 00:31:21 0 0
1765 256 00:31:22 0 0
1766 256 00:31:23 0 0
1767 256 00:31:24 0 0
1768 256 00:31:25 0 0
1769 256 00:31:26 0 0
1770 256 00:31:27 0 0
1771 256 00:31:28 0 0
1772 256 00:31:29 0 0
1773 256 00:31:30 0 0
1774 256 00:31:31 0 0
1775 256 00:31:32 0 0
1776 256 00:31:33 0 0
1777 256 00:31:34 0 0
1778 256 00:31:35 0 0
1779 256 00:31:36 0 0
1780 256 00:31:37 0 0
1781 256 00:31:38 0 0
1782 256 00:31:39 0 0
1783 256 00:31:40 0 0
1784 256 00:31:41 0 0
1785 256 00:31:42 0 0
1786 256 00:31:43 0 0
1787 256 00:31:44 0 0
1788 256 00:31:45 0 0
1789 256 00:31:46 0 0
1790 256 00:31:47 0 0
1791 256 00:31:48 0 0
1792 256 00:31:49 0 0
1793 256 00:31:50 0 0
1794 256 00:31:51 0 0
1795 256 00:31:52 0 0
1796 256 00:31:53 0 0
1797 256 00:31:54 0 0
1798 256 00:31:55 0 0
1799 256 00:31:56 0 0
1800 256 00:31:57 0 0
1801 256 00:31:58 0 0
1802 256 00:31:59 0 0
1803 256 00:32:00 0 0
1804 256 00:32:01 0 0
1805 256 00:32:02 0 0
1806 256 00:32:03 0 0
1807 256 00:32:04 0 0
1808 256 00:32:05 0 0
1809 256 00:32:06 0 0
1810 256 00:32:07 0 0
1811 256 00:32:08 0 0
1812 256 00:32:09 0 0
1813 256 00:32:10 0 0
1814 256 00:32:11 0 0
1815 256 00:32:12 0 0
1816 256 00:32:13 0 0
1817 256 00:32:14 0 0
1818 256 00:32:15 0 0
1819 256 00:32:16 0 0
1820 256 00:32:17 0 0
1821 256 00:32:18 0 0
1822 256 00:32:19 0 0
1823 256 00:32:20 0 0
1824 256 00:32:21 0 0
1825 256 00:32:22 0 0
1826 256 00:32:23 0 0
1827 256 00:32:24 0 0
1828 256 00:32:25 0 0
1829 256 00:32:26 0 0
1830 256 00:32:27 0 0
1831 256 00:32:28 0 0
1832 256 00:32:29 0 0
1833 256 00:32:30 0 0
1834 256 00:32:31 0 0
1835 256 00:32:32 0 0
1836 256 00:32:33 0 0
1837 256 00:32:34 0 0
1838 256 00:32:35 0 0
1839 256 00:32:36 0 0
1840 256 00:32:37 0 0
1841 256 00:32:38 0 0
1842 256 00:32:39 0 0
1843 256 00:32:40 0 0
1844 256 00:32:41 0 0
1845 256 00:32:42 0 0
1846 256 00:32:43 0 0
1847 256 00:32:44 0 0
1848 256 00:32:45 0 0
1849 256 00:32:46 0 0
1850 256 00:32:47 0 0
1851 256 00:32:48 0 0
1852 256 00:32:49 0 0
1853 256 00:32:50 0 0
1854 256 00:32:51 0 0
1855 256 00:32:52 0 0
1856 256 00:32:53 0 0
1857 256 00:32:54 0 0
1858 256 00:32:55 0 0
1859 256 00:32:56 0 0
1860 256 00:32:57 0 0
1861 256 00:32:58 0 0
1862 256 00:32:59 0 0
1863 256 00:33:00 0 0
1864 256 00:33:01 0 0
1865 256 00:33:02 0 0
1866 256 00:33:03 0 0
1867 256 00:33:04 0 0
1868 256 00:33:05 0 0
1869 256 00:33:06 0 0
1870 256 00:33:07 0 0
1871 256 00:33:08 0 0
1872 256 00:33:09 0 0
1873 256 00:33:10 0 0
1874 256 00:33:11 0 0
1875 256 00:33:12 0 0
1876 256 00:33:13 0 0
1877 256 00:33:14 0 0
1878 256 00:33:15 0 0
1879 256 00:33:16 0 0
1880 256 00:33:17 0 0
1881 256 00:33:18 0 0
1882 256 00:33:19 0 0
1883 256 00:33:20 0 0
1884 256 00:33:21 0 0
1885 256 00:33:22 0 0
1886 256 00:33:23 0 0
1887 256 00:33:24 0 0
1888 256 00:33:25 0 0
1889 256 00:33:26 0 0
1890 256 00:33:27 0 0
1891 256 00:33:28 0 0
1892 256 00:33:29 0 0
1893 256 00:33:30 0 0
1894 256 00:33:31 0 0
1895 256 00:33:32 0 0
1896 256 00:33:33 0 0
1897 256 00:33:34 0 0
1898 256 00:33:35 0 0
1899 256 00:33:36 0 0
1900 256 00:33:37 0 0
1901 256 00:33:38 0 0
1902 256 00:33:39 0 0
1903 256 00:33:40 0 0
1904 256 00:33:41 0 0
1905 256 00:33:42 0 0
1906 256 00:33:43 0 0
1907 256 00:33:44 0 0
1908 256 00:33:45 0 0
1909 256 00:33:46 0 0
1910 256 00:33:47 0 0
1911 256 00:33:48 0 0
1912 256 00:33:49 0 0
1913 256 00:33:50 0 0
1914 256 00:33:51 0 0
1915 256 00:33:52 0 0
1916 256 00:33:53 0 0
1917 256 00:33:54 0 0
1918 256 00:33:55 0 0
1919 256 00:33:56 0 0
1920 256 00:33:57 0 0
1921 256 00:33:58 0 0
1922 256 00:33:59 0 0
1923 256 00:34:00 0 0
1924 256 00:34:01 0 0
1925 256 00:34:02 0 0
1926 256 00:34:03 0 0
1927 256 00:34:04 0 0
1928 256 00:34:05 0 0
1929 256 00:34:06 0 0
1930 256 00:34:07 0 0
1931 256 00:34:08 0 0
1932 256 00:34:09 0 0
1933 256 00:34:10 0 0
1934 256 00:34:11 0 0
1935 256 00:34:12 0 0
1936 256 00:34:13 0 0
1937 256 00:34:14 0 0
1938 256 00:34:15 0 0
1939 256 00:34:16 0 0
1940 256 00:34:17 0 0
1941 256 00:34:18 0 0
1942 256 00:34:19 0 0
1943 256 00:34:20 0 0
1944 256 00:34:21 0 0
1945 256 00:34:22 0 0
1946 256 00:34:23 0 0
1947 256 00:34:24 0 0
1948 256 00:34:25 0 0
1949 256 00:34:26 0 0
1950 256 00:34:27 0 0
1951 256 00:34:28 0 0
1952 256 00:34:29 0 0
1953 256 00:34:30 0 0
1954 256 00:34:31 0 0
1955 256 00:34:32 0 0
1956 256 00:34:33 0 0
1957 256 00:34:34 0 0
1958 256 00:34:35 0 0
1959 256 00:34:36 0 0
1960 256 00:34:37 0 0
1961 256 00:34:38 0 0
1962 256 00:34:39 0 0
1963 256 00:34:40 0 0
1964 256 00:34:41 0 0
1965 256 00:34:42 0 0
1966 256 00:34:43 0 0
1967 256 00:34:44 0 0
1968 256 00:34:45 0 0
1969 256 00:34:46 0 0
1970 256 00:34:47 0 0
1971 256 00:34:48 0 0
1972 256 00:34:49 0 0
1973 256 00:34:50 0 0
1974 256 00:34:51 0 0
1975 256 00:34:52 0 0
1976 256 00:34:53 0 0
1977 256 00:34:54 0 0
1978 256 00:34:55 0 0
1979 256 00:34:56 0 0
1980 256 00:34:57 0 0
1981 256 00:34:58 0 0
1982 256 00:34:59 0 0
1983 256 00:35:00 0 0
1984 256 00:35:01 0 0
1985 256 00:35:02 0 0
1986 256 00:35:03 0 0
1987 256 00:35:04 0 0
1988 256 00:35:05 0 0
1989 256 00:35:06 0 0
1990 256 00:35:07 0 0
1991 256 00:35:08 0 0
1992 256 00:35:09 0 0
1993 256 00:35:10 0 0
1994 256 00:35:11 0 0
1995 256 00:35:12 0 0
1996 256 00:35:13 0 0
1997 256 00:35:14 0 0
1998 256 00:35:15 0 0
1999 256 00:35:16 0 0
2000 256 00:35:17 0 0
2001 256 00:35:18 0 0
2002 256 00:35:19 0 0
2003 256 00:35:20 0 0
2004 256 00:35:21 0 0
2005 256 00:35:22 0 0
2006 256 00:35:23 0 0
2007 256 00:35:24 0 0
2008 256 00:35:25 0 0
2009 256 00:35:26 0 0
2010 256 00:35:27 0 0
2011 256 00:35:28 0 0
2012 256 00:35:29 0 0
2013 256 00:35:30 0 0
2014 256 00:35:31 0 0
2015 256 00:35:32 0 0
2016 256 00:35:33 0 0
2017 256 00:35:34 0 0
2018 256 00:35:35 0 0
2019 256 00:35:36 0 0
2020 256 00:35:37 0 0
2021 256 00:35:38 0 0
2022 256 00:35:39 0 0
2023 256 00:35:40 0 0
2024 256 00:35:41 0 0
2025 256 00:35:42 0 0
2026 256 00:35:43 0 0
2027 256 00:35:44 0 0
2028 256 00:35:45 0 0
2029 256 00:35:46 0 0
2030 256 00:35:47 0 0
2031 256 00:35:48 0 0
2032 256 00:35:49 0 0
2033 256 00:35:50 0 0
2034 256 00:35:51 0 0
2035 256 00:35:52 0 0
2036 256 00:35:53 0 0
2037 256 00:35:54 0 0
2038 256 00:35:55 0 0
2039 256 00:35:56 0 0
2040 256 00:35:57 0 0
2041 256 00:35:58 0 0
2042 256 00:35:59 0 0
2043 256 00:36:00 0 0
2044 256 00:36:01 0 0
2045 256 00:36:02 0 0
2046 256 00:36:03 0 0
2047 256 00:36:04 0 0
2048 256 00:36:05 0 0
2049 256 00:36:06 0 0
2050 256 00:36:07 0 0
2051 256 00:36:08 0 0
2052 256 00:36:09 0 0
2053 256 00:36:10 0 0
2054 256 00:36:11 0 0
2055 256 00:36:12 0 0
2056 256 00:36:13 0 0
2057 256 00:36:14 0 0
2058 256 00:36:15 0 0
2059 256 00:36:16 0 0
2060 256 00:36:17 0 0
2061 256 00:36:18 0 0
2062 256 00:36:19 0 0
2063 256 00:36:20 0 0
2064 256 00:36:21 0 0
2065 256 00:36:22 0 0
2066 256 00:36:23 0 0
2067 256 00:36:24 0 0
2068 256 00:36:25 0 0
2069 256 00:36:26 0 0
2070 256 00:36:27 0 0
2071 256 00:36:28 0 0
2072 256 00:36:29 0 0
2073 256 00:36:30 0 0
2074 256 00:36:31 0 0
2075 256 00:36:32 0 0
2076 256 00:36:33 0 0
2077 256 00:36:34 0 0
2078 256 00:36:35 0 0
2079 256 00:36:36 0 0
2080 256 00:36:37 0 0
2081 256 00:36:38 0 0
2082 256 00:36:39 0 0
2083 256 00:36:40 0 0
2084 256 00:36:41 0 0
2085 256 00:36:42 0 0
2086 256 00:36:43 0 0
2087 256 00:36:44 0 0
2088 256 00:36:45 0 0
2089 256 00:36:46 0 0
2090 256 00:36:47 0 0
2091 256 00:36:48 0 0
2092 256 00:36:49 0 0
2093 256 00:36:50 0 0
2094 256 00:36:51 0 0
2095 256 00:36:52 0 0
2096 256 00:36:53 0 0
2097 256 00:36:54 0 0
2098 256 00:36:55 0 0
2099 256 00:36:56 0 0
2100 256 00:36:57 0 0
2101 256 00:36:58 0 0
2102 256 00:36:59 0 0
2103 256 00:37:00 0 0
2104 256 00:37:01 0 0
2105 256 00:37:02 0 0
2106 256 00:37:03 0 0
2107 256 00:37:04 0 0
2108 256 00:37:05 0 0
2109 256 00:37:06 0 0
2110 256 00:37:07 0 0
2111 256 00:37:08 0 0
2112 256 00:37:09 0 0
2113 256 00:37:10 0 0
2114 256 00:37:11 0 0
2115 256 00:37:12 0 0
2116 256 00:37:13 0 0
2117 256 00:37:14 0 0
2118 256 00:37:15 0 0
2119 256 00:37:16 0 0
2120 256 00:37:17 0 0
2121 256 00:37:18 0 0
2122 256 00:37:19 0 0
2123 256 00:37:20 0 0
2124 256 00:37:21 0 0
2125 256 00:37:22 0 0
2126 256 00:37:23 0 0
2127 256 00:37:24 0 0
2128 256 00:37:25 0 0
2129 256 00:37:26 0 0
2130 256 00:37:27 0 0
2131 256 00:37:28 0 0
2132 256 00:37:29 0 0
2133 256 00:37:30 0 0
2134 256 00:37:31 0 0
2135 256 00:37:32 0 0
2136 256 00:37:33 0 0
2137 256 00:37:34 0 0
2138 256 00:37:35 0 0
2139 256 00:37:36 0 0
2140 256 00:37:37 0 0
2141 256 00:37:38 0 0
2142 256 00:37:39 0 0
2143 256 00:37:40 0 0
2144 256 00:37:41 0 0
2145 256 00:37:42 0 0
2146 256 00:37:43 0 0
2147 256 00:37:44 0 0
2148 256 00:37:45 0 0
2149 256 00:37:46 0 0
2150 256 00:37:47 0 0
2151 256 00:37:48 0 0
2152 256 00:37:49 0 0
2153 256 00:37:50 0 0
2154 256 00:37:51 0 0
2155 256 00:37:52 0 0
2156 256 00:37:53 0 0
2157 256 00:37:54 0 0
2158 256 00:37:55 0 0
2159 256 00:37:56 0 0
2160 256 00:37:57 0 0
2161 256 00:37:58 0 0
2162 256 00:37:59 0 0
2163 256 00:38:00 0 0
2164 256 00:38:01 0 0
2165 256 00:38:02 0 0
2166 256 00:38:03 0 0
2167 256 00:38:04 0 0
2168 256 00:38:05 0 0
2169 256 00:38:06 0 0
2170 256 00:38:07 0 0
2171 256 00:38:08 0 0
2172 256 00:38:09 0 0
2173 256 00:38:10 0 0
2174 256 00:38:11 0 0
2175 256 00:38:12 0 0
2176 256 00:38:13 0 0
2177 256 00:38:14 0 0
2178 256 00:38:15 0 0
2179 256 00:38:16 0 0
2180 256 00:38:17 0 0
2181 256 00:38:18 0 0
2182 256 00:38:19 0 0
2183 256 00:38:20 0 0
2184 256 00:38:21 0 0
2185 256 00:38:22 0 0
2186 256 00:38:23 0 0
2187 256 00:38:24 0 0
2188 256 00:38:25 0 0
2189 256 00:38:26 0 0
2190 256 00:38:27 0 0
2191 256 00:38:28 0 0
2192 256 00:38:29 0 0
2193 256 00:38:30 0 0
2194 256 00:38:31 0 0
2195 256 00:38:32 0 0
2196 256 00:38:33 0 0
2197 256 00:38:34 0 0
2198 256 00:38:35 0 0
2199 256 00:38:36 0 0
2200 256 00:38:37 0 0
2201 256 00:38:38 0 0
2202 256 00:38:39 0 0
2203 256 00:38:40 0 0
2204 256 00:38:41 0 0
2205 256 00:38:42 0 0
2206 256 00:38:43 0 0
2207 256 00:38:44 0 0
2208 256 00:38:45 0 0
2209 256 00:38:46 0 0
2210 256 00:38:47 0 0
2211 256 00:38:48 0 0
2212 256 00:38:49 0 0
2213 256 00:38:50 0 0
2214 256 00:38:51 0 0
2215 256 00:38:52 0 0
2216 256 00:38:53 0 0
2217 256 00:38:54 0 0
2218 256 00:38:55 0 0
2219 256 00:38:56 0 0
2220 256 00:38:57 0 0
2221 256 00:38:58 0 0
2222 256 00:38:59 0 0
2223 256 00:39:00 0 0
2224 256 00:39:01 0 0
2225 256 00:39:02 0 0
2226 256 00:39:03 0 0
2227 256 00:39:04 0 0
2228 256 00:39:05 0 0
2229 256 00:39:06 0 0
2230 256 00:39:07 0 0
2231 256 00:39:08 0 0
2232 256 00:39:09 0 0
2233 256 00:39:10 0 0
2234 256 00:39:11 0 0
2235 256 00:39:12 0 0
2236 256 00:39:13 0 0
2237 256 00:39:14 0 0
2238 256 00:39:15 0 0
2239 256 00:39:16 0 0
2240 256 00:39:17 0 0
2241 256 00:39:18 0 0
2242 256 00:39:19 0 0
2243 256 00:39:20 0 0
2244 256 00:39:21 0 0
2245 256 00:39:22 0 0
2246 256 00:39:23 0 0
2247 256 00:39:24 0 0
2248 256 00:39:25 0 0
2249 256 00:39:26 0 0
2250 256 00:39:27 0 0
2251 256 00:39:28 0 0
2252 256 00:39:29 0 0
2253 256 00:39:30 0 0
2254 256 00:39:31 0 0
2255 256 00:39:32 0 0
2256 256 00:39:33 0 0
2257 256 00:39:34 0 0
2258 256 00:39:35 0 0
2259 256 00:39:36 0 0
2260 256 00:39:37 0 0
2261 256 00:39:38 0 0
2262 256 00:39:39 0 0
2263 256 00:39:40 0 0
2264 256 00:39:41 0 0
2265 256 00:39:42 0 0
2266 256 00:39:43 0 0
2267 256 00:39:44 0 0
2268 256 00:39:45 0 0
2269 256 00:39:46 0 0
2270 256 00:39:47 0 0
2271 256 00:39:48 0 0
2272 256 00:39:49 0 0
2273 256 00:39:50 0 0
2274 256 00:39:51 0 0
2275 256 00:39:52 0 0
2276 256 00:39:53 0 0
2277 256 00:39:54 0 0
2278 256 00:39:55 0 0
2279 256 00:39:56 0 0
2280 256 00:39:57 0 0
2281 256 00:39:58 0 0
2282 256 00:39:59 0 0
2283 256 00:40:00 0 0
2284 256 00:40:01 0 0
2285 256 00:40:02 0 0
2286 256 00:40:03 0 0
2287 256 00:40:04 0 0
2288 256 00:40:05 0 0
2289 256 00:40:06 0 0
2290 256 00:40:07 0 0
2291 256 00:40:08 0 0
2292 256 00:40:09 0 0
2293 256 00:40:10 0 0
2294 256 00:40:11 0 0
2295 256 00:40:12 0 0
2296 256 00:40:13 0 0
2297 256 00:40:14 0 0
2298 256 00:40:15 0 0
2299 256 00:40:16 0 0
2300 256 00:40:17 0 0
2301 256 00:40:18 0 0
2302 256 00:40:19 0 0
2303 256 00:40:20 0 0
2304 256 00:40:21 0 0
2305 256 00:40:22 0 0
2306 256 00:40:23 0 0
2307 256 00:40:24 0 0
2308 256 00:40:25 0 0
2309 256 00:40:26 0 0
2310 256 00:40:27 0 0
2311 256 00:40:28 0 0
2312 256 00:40:29 0 0
2313 256 00:40:30 0 0
2314 256 00:40:31 0 0
2315 256 00:40:32 0 0
2316 256 00:40:33 0 0
2317 256 00:40:34 0 0
2318 256 00:40:35 0 0
2319 256 00:40:36 0 0
2320 256 00:40:37 0 0
2321 256 00:40:38 0 0
2322 256 00:40:39 0 0
2323 256 00:40:40 0 0
2324 256 00:40:41 0 0
2325 256 00:40:42 0 0
2326 256 00:40:43 0 0
2327 256 00:40:44 0 0
2328 256 00:40:45 0 0
2329 256 00:40:46 0 0
2330 256 00:40:47 0 0
2331 256 00:40:48 0 0
2332 256 00:40:49 0 0
2333 256 00:40:50 0 0
2334 256 00:40:51 0 0
2335 256 00:40:52 0 0
2336 256 00:40:53 0 0
2337 256 00:40:54 0 0
2338 256 00:40:55 0 0
2339 256 00:40:56 0 0
2340 256 00:40:57 0 0
2341 256 00:40:58 0 0
2342 256 00:40:59 0 0
2343 256 00:41:00 0 0
2344 256 00:41:01 0 0
2345 256 00:41:02 0 0
2346 256 00:41:03 0 0
2347 256 00:41:04 0 0
2348 256 00:41:05 0 0
2349 256 00:41:06 0 0
2350 256 00:41:07 0 0
2351 256 00:41:08 0 0
2352 256 00:41:09 0 0
2353 256 00:41:10 0 0
2354 256 00:41:11 0 0
2355 256 00:41:12 0 0
2356 256 00:41:13 0 0
2357 256 00:41:14 0 0
2358 256 00:41:15 0 0
2359 256 00:41:16 0 0
2360 256 00:41:17 0 0
2361 256 00:41:18 0 0
2362 256 00:41:19 0 0
2363 256 00:41:20 0 0
2364 256 00:41:21 0 0
2365 256 00:41:22 0 0
2366 256 00:41:23 0 0
2367 256 00:41:24 0 0
2368 256 00:41:25 0 0
2369 256 00:41:26 0 0
2370 256 00:41:27 0 0
2371 256 00:41:28 0 0
2372 256 00:41:29 0 0
2373 256 00:41:30 0 0
2374 256 00:41:31 0 0
2375 256 00:41:32 0 0
2376 256 00:41:33 0 0
2377 256 00:41:34 0 0
2378 256 00:41:35 0 0
2379 256 00:41:36 0 0
2380 256 00:41:37 0 0
2381 256 00:41:38 0 0
2382 256 00:41:39 0 0
2383 256 00:41:40 0 0
2384 256 00:41:41 0 0
2385 256 00:41:42 0 0
2386 256 00:41:43 0 0
2387 256 00:41:44 0 0
2388 256 00:41:45 0 0
2389 256 00:41:46 0 0
2390 256 00:41:47 0 0
2391 256 00:41:48 0 0
2392 256 00:41:49 0 0
2393 256 00:41:50 0 0
2394 256 00:41:51 0 0
2395 256 00:41:52 0 0
2396 256 00:41:53 0 0
2397 256 00:41:54 0 0
2398 256 00:41:55 0 0
2399 256 00:41:56 0 0
2400 256 00:41:57 0 0
2401 256 00:41:58 0 0
2402 256 00:41:59 0 0
2403 256 00:42:00 0 0
2404 256 00:42:01 0 0
2405 256 00:42:02 0 0
2406 256 00:42:03 0 0
2407 256 00:42:04 0 0
2408 256 00:42:05 0 0
2409 256 00:42:06 0 0
2410 256 00:42:07 0 0
2411 256 00:42:08 0 0
2412 256 00:42:09 0 0
2413 256 00:42:10 0 0
2414 256 00:42:11 0 0
2415 256 00:42:12 0 0
2416 256 00:42:13 0 0
2417 256 00:42:14 0 0
2418 256 00:42:15 0 0
2419 256 00:42:16 0 0
2420 256 00:42:17 0 0
2421 256 00:42:18 0 0
2422 256 00:42:19 0 0
2423 256 00:42:20 0 0
2424 256 00:42:21 0 0
2425 256 00:42:22 0 0
2426 256 00:42:23 0 0
2427 256 00:42:24 0 0
2428 256 00:42:25 0 0
2429 256 00:42:26 0 0
2430 256 00:42:27 0 0
2431 256 00:42:28 0 0
2432 256 00:42:29 0 0
2433 256 00:42:30 0 0
2434 256 00:42:31 0 0
2435 256 00:42:32 0 0
2436 256 00:42:33 0 0
2437 256 00:42:34 0 0
2438 256 00:42:35 0 0
2439 256 00:42:36 0 0
2440 256 00:42:37 0 0
2441 256 00:42:38 0 0
2442 256 00:42:39 0 0
2443 256 00:42:40 0 0
2444 256 00:42:41 0 0
2445 256 00:42:42 0 0
2446 256 00:42:43 0 0
2447 256 00:42:44 0 0
2448 256 00:42:45 0 0
2449 256 00:42:46 0 0
2450 256 00:42:47 0 0
2451 256 00:42:48 0 0
2452 256 00:42:49 0 0
2453 256 00:42:50 0 0
2454 256 00:42:51 0 0
2455 256 00:42:52 0 0
2456 256 00:42:53 0 0
2457 256 00:42:54 0 0
2458 256 00:42:55 0 0
2459 256 00:42:56 0 0
2460 256 00:42:57 0 0
2461 256 00:42:58 0 0
2462 256 00:42:59 0 0
2463 256 00:43:00 0 0
2464 256 00:43:01 0 0
2465 256 00:43:02 0 0
2466 256 00:43:03 0 0
2467 256 00:43:04 0 0
2468 256 00:43:05 0 0
2469 256 00:43:06 0 0
2470 256 00:43:07 0 0
2471 256 00:43:08 0 0
2472 256 00:43:09 0 0
2473 256 00:43:10 0 0
2474 256 00:43:11 0 0
2475 256 00:43:12 0 0
2476 256 00:43:13 0 0
2477 256 00:43:14 0 0
2478 256 00:43:15 0 0
2479 256 00:43:16 0 0
2480 256 00:43:17 0 0
2481 256 00:43:18 0 0
2482 256 00:43:19 0 0
2483 256 00:43:20 0 0
2484 256 00:43:21 0 0
2485 256 00:43:22 0 0
2486 256 00:43:23 0 0
2487 256 00:43:24 0 0
2488 256 00:43:25 0 0
2489 256 00:43:26 0 0
2490 256 00:43:27 0 0
2491 256 00:43:28 0 0
2492 256 00:43:29 0 0
2493 256 00:43:30 0 0
2494 256 00:43:31 0 0
2495 256 00:43:32 0 0
2496 256 00:43:33 0 0
2497 256 00:43:34 0 0
2498 256 00:43:35 0 0
2499 256 00:43:36 0 0
2500 256 00:43:37 0 0
2501 256 00:43:38 0 0
2502 256 00:43:39 0 0
2503 256 00:43:40 0 0
2504 256 00:43:41 0 0
2505 256 00:43:42 0 0
2506 256 00:43:43 0 0
2507 256 00:43:44 0 0
2508 256 00:43:45 0 0
2509 256 00:43:46 0 0
2510 256 00:43:47 0 0
2511 256 00:43:48 0 0
2512 256 00:43:49 0 0
2513 256 00:43:50 0 0
2514 256 00:43:51 0 0
2515 256 00:43:52 0 0
2516 256 00:43:53 0 0
2517 256 00:43:54 0 0
2518 256 00:43:55 0 0
2519 256 00:43:56 0 0
2520 256 00:43:57 0 0
2521 256 00:43:58 0 0
2522 256 00:43:59 0 0
2523 256 00:44:00 0 0
2524 256 00:44:01 0 0
2525 256 00:44:02 0 0
2526 256 00:44:03 0 0
2527 256 00:44:04 0 0
2528 256 00:44:05 0 0
2529 256 00:44:06 0 0
2530 256 00:44:07 0 0
2531 256 00:44:08 0 0
2532 256 00:44:09 0 0
2533 256 00:44:10 0 0
2534 256 00:44:11 0 0
2535 256 00:44:12 0 0
2536 256 00:44:13 0 0
2537 256 00:44:14 0 0
2538 256 00:44:15 0 0
2539 256 00:44:16 0 0
2540 256 00:44:17 0 0
2541 256 00:44:18 0 0
2542 256 00:44:19 0 0
2543 256 00:44:20 0 0
2544 256 00:44:21 0 0
2545 256 00:44:22 0 0
2546 256 00:44:23 0 0
2547 256 00:44:24 0 0
2548 256 00:44:25 0 0
2549 256 00:44:26 0 0
2550 256 00:44:27 0 0
2551 256 00:44:28 0 0
